	1	2	3
ACC.plate2_A01	0.4101526140321315	0.29150136093331713	0.06834198067313138
ACC.plate2_A02	0.9254124332728738	0.0	0.022736726563582513
ACC.plate2_A03	0.47809134137200826	0.2929396522149609	0.06760551171442863
ACC.plate2_A04	0.09770618926999777	0.7690945387321011	0.014636230591878213
ACC.plate2_A06	0.5840093753933756	0.23864117372622917	0.06442926192031713
ACC.plate2_A09	0.7626253163009509	0.19651863985939938	0.01840742012316996
ACC.plate2_A12	0.9970463131129051	0.060023440460781854	0.08316355029105697
ACC.plate2_B01	1.2689875429301871	0.041692448937014036	0.001549523732490558
ACC.plate2_B02	0.9009059312434619	0.07670808224996577	0.06051224201031734
ACC.plate2_B03	0.5033084868812719	0.13342947165557095	0.055415813990776754
ACC.plate2_B04	0.7683180862026933	0.1028683087260399	0.06707737424379792
ACC.plate2_B05	1.2383150940622045	0.0	0.03085644853454264
ACC.plate2_B06	0.843895623610293	0.1406730953866007	0.0306745961593229
ACC.plate2_B08	0.4840975561484944	0.2698224669060645	0.04195407255720014
ACC.plate2_B09	0.0	1.3532898084639013	0.0
ACC.plate2_B10	1.0108373951286527	0.031609410987892016	0.016574585478888758
ACC.plate2_B11	0.17684564256425592	0.8257653696056849	0.011366241924985076
ACC.plate2_B12	0.0	1.1765884494474457	0.008943151372573234
ACC.plate2_C01	0.017868894587403757	0.6493280269608765	0.12201095614181186
ACC.plate2_C03	0.7380131130409816	0.12882865235509164	0.10623418678151397
ACC.plate2_C04	0.36367862826281266	0.4601331397992431	0.06820156918527322
ACC.plate2_C05	0.725677476276263	0.17932469992681965	0.07058084182879965
ACC.plate2_C06	0.8760115754420393	0.04363067659725462	0.023860640523900998
ACC.plate2_C07	1.098802468685716	0.2258674941589005	0.022637076057461916
ACC.plate2_C08	0.15517316970638878	0.9313328387187654	0.03779435796545735
ACC.plate2_C11	1.2837133909248497	0.0	0.0
ACC.plate2_C12	1.3078266024874101	0.0	0.02597808516695492
ACC.plate2_D09	0.0	1.083456102757209	0.0
ACC.plate2_D11	0.5060637310944379	0.18117263620670887	0.11538415176051917
ACC.plate2_D12	1.1308600791368537	0.0048160046790554295	0.024199933252298342
ACC.plate2_E02	0.05077683172005368	0.965000551916685	0.010127062817553252
ACC.plate2_E04	0.26921288463120374	0.6214188434523805	0.07237889857453575
ACC.plate2_E05	1.3532973382390145	0.0	0.015101513601819026
ACC.plate2_E06	0.4923886118000161	0.503085756514574	0.019800815864800796
ACC.plate2_E07	1.3161372384680379	0.007996821244079055	0.0022009078949535837
ACC.plate2_E09	0.5512014856293336	0.2038595154919968	0.07636504264445555
ACC.plate2_F01	1.036230173577571	0.13429677486289152	0.009402507124178547
ACC.plate2_F03	0.34228834548063486	0.43312346503007	0.07146601868891363
ACC.plate2_F04	1.2136210433289771	0.0	0.020490931784509406
ACC.plate2_F05	0.05496405849868939	1.0022597407385494	0.029015268963508263
ACC.plate2_F08	0.466660918728288	0.2925008048400366	0.09519723801607918
ACC.plate2_F09	1.3931639571892493	0.0	0.0
ACC.plate2_F10	0.9447101960377853	0.18227254453456104	0.018795513911007946
ACC.plate2_F11	0.47164937583300803	0.38414216691046377	0.019475434735978854
ACC.plate2_F12	0.7866103377493325	0.18389542434481954	0.10400252722081951
ACC.plate2_G04	0.0	0.0	1.1468928752974548
ACC.plate2_G05	0.7350336828539104	0.36259861801584087	0.044330535721001055
ACC.plate2_G06	0.5816325334212133	0.351267724038923	0.024705456086857234
ACC.plate2_G08	0.0	1.4353948361886628	0.0
ACC.plate2_G09	0.36522728805822985	0.5433576345261347	0.09401242158003614
ACC.plate2_G11	0.7981047230680381	0.3918910099589577	0.008995736623405307
ACC.plate2_H01	0.7970841874858121	0.04412294179836899	0.04255925645993954
ACC.plate2_H08	0.6881364227233945	0.2269791755530165	0.04339329359802913
ACC.plate2_H12	0.6477245228129652	0.19704735182060398	0.1059331900472803
ACC1.P3_A03	0.6285838984138266	0.14371574844501533	0.04702476612280271
ACC1.P3_A04	0.41919530603776384	0.28525417513449114	0.04636277643275035
ACC1.P3_A05	0.8564469277198147	0.16519955623402943	0.031787269039189554
ACC1.P3_A06	0.7024507368163616	0.21550807042083556	0.003047395292223874
ACC1.P3_A09	1.088511046703559	0.10963578010306933	0.00550949210336115
ACC1.P3_A10	0.0	0.9176817680503461	0.05487212395076591
ACC1.P3_A11	0.5909007132843535	0.18673554330822215	0.030204157279091603
ACC1.P3_A12	0.0	0.9253656468699869	0.022226854844577707
ACC1.P3_B01	0.6349709873036878	0.11932404827248942	0.0351969625691698
ACC1.P3_B02	0.8524265272769802	0.18937844804454576	0.020998948549325096
ACC1.P3_B03	0.7576318740547363	0.2747457131870807	0.06837966722564125
ACC1.P3_B04	0.38778913326667425	0.6763078112949702	0.005384117583833991
ACC1.P3_B06	0.6925296600743954	0.07776224313436901	0.03351368883021867
ACC1.P3_B07	0.8905357332966506	0.19537409734554423	0.00959934057623875
ACC1.P3_B08	0.07096497392338963	1.0757744940048528	0.04737458722660653
ACC1.P3_B09	0.500963362487092	0.3923375057922957	0.07778346639618543
ACC1.P3_B10	0.9797258803350565	0.11678793994413728	0.014544322825086201
ACC1.P3_B12	0.45952614457179175	0.26475147871703886	0.06300802689331789
ACC1.P3_C01	0.6586741576556789	0.25783836020883366	0.031325521587470866
ACC1.P3_C02	0.0	1.3166694684039308	0.030552987560370615
ACC1.P3_C03	0.7045906546242594	0.1716563221646528	0.028949068188782262
ACC1.P3_C04	0.5180096891587709	0.25879231549020504	0.059940636487351956
ACC1.P3_C05	0.8929301178736984	0.12824132920122358	0.014754402918049782
ACC1.P3_C06	0.2478584393469785	0.4743210199483007	0.07935664724052742
ACC1.P3_C07	0.8529607299509496	0.06337532459869018	0.02228005254108111
ACC1.P3_C08	0.5316925558244786	0.338140417709349	0.04243771901047091
ACC1.P3_C09	0.28371854701423116	0.553551934974632	0.014834776466766238
ACC1.P3_C10	1.094945756079316	0.0	0.012440734438570598
ACC1.P3_C11	0.22489985775308385	0.7263996579298037	0.019875272891357477
ACC1.P3_C12	0.894451015052517	0.09649711264124775	0.026011673448426413
ACC1.P3_D01	0.9702050523780857	0.000805703915665744	0.0062742297913816695
ACC1.P3_D02	1.0062524553053358	0.0	0.0059355363272676235
ACC1.P3_D03	0.5781918181495128	0.5359378447104362	0.003502067631670279
ACC1.P3_D04	0.7555146669276299	0.07919850368304855	0.06388960011160652
ACC1.P3_D05	0.3636989071178224	0.40532259655161723	0.018048089892188764
ACC1.P3_D06	0.555770302724101	0.19793857977057727	0.048058569040562084
ACC1.P3_D07	0.6429179280148278	0.16232767967646633	0.040284118509992486
ACC1.P3_D08	0.8905344183997652	0.10989656332139396	0.03915914503418593
ACC1.P3_D09	0.7800752405314231	0.1321907661183845	0.05153375947960431
ACC1.P3_D10	0.3186607632790335	0.2525567166798498	0.4194892070481006
ACC1.P3_D11	0.9002712897457044	0.020684666631723952	0.02422091414188785
ACC1.P3_E01	0.7445073045458017	0.06661915725330554	0.03856032041040963
ACC1.P3_E03	0.566264292728314	0.17068278862044742	0.04381045991204876
ACC1.P3_E04	0.3640105798032197	0.34683830196728865	0.04324488871109811
ACC1.P3_E05	0.5911916528097666	0.19118159408867472	0.03185627971903326
ACC1.P3_E06	0.9442421845588548	0.04240342775710401	0.04276197110709041
ACC1.P3_E07	0.44171587247493493	0.21239060382684255	0.023903718108874403
ACC1.P3_E08	0.6334644096885892	0.2764983783606775	0.04605918543891244
ACC1.P3_E09	0.2342007822495866	0.469579714457774	0.012296356584864351
ACC1.P3_E10	0.7452794982215755	0.24772113230241805	0.03370238305528452
ACC1.P3_E11	0.11833735473459296	0.7442201090671902	0.008992285014493322
ACC1.P3_E12	0.20574087650461811	0.5487997069555616	0.07358751216321059
ACC1.P3_F01	0.48878463598589905	0.47108987322967205	0.037699881356886476
ACC1.P3_F02	0.6646556147917121	0.06546140878904198	0.02117008286286832
ACC1.P3_F03	0.14778145235684934	0.8080201045086502	0.0364444594711882
ACC1.P3_F05	0.2754565306456466	0.85483239868985	0.024889690475106717
ACC1.P3_F06	0.9439530994729862	0.14978048320096418	0.01698607461701749
ACC1.P3_F07	1.0127023319704014	0.020555790770774147	0.019389145176230565
ACC1.P3_F08	0.6582500599239763	0.26426036309529916	0.009690774484026462
ACC1.P3_F10	0.6419881816152304	0.11352461166319623	0.050563289372646134
ACC1.P3_F11	0.0	0.0	1.154030321627192
ACC1.P3_G01	0.21045260324558152	0.8900188403230354	0.0
ACC1.P3_G02	0.671346247861886	0.009714614635464091	0.12042674031610773
ACC1.P3_G03	1.0312240583424719	0.03149669009468284	0.01008330324343184
ACC1.P3_G04	0.5901995111043058	0.1657601524522601	0.03515411546571871
ACC1.P3_G05	0.5621756846796117	0.24289268302357025	0.031088711374858736
ACC1.P3_G09	0.5575762701902964	0.3847736350448145	0.06591012900968368
ACC1.P3_G10	0.8419118993613917	0.17446929107035758	0.01201613344917295
ACC1.P3_G11	0.6074197888008409	0.2508013819017857	0.02278528679891611
ACC1.P3_H01	0.8555754377578803	0.109232500670384	0.0037259732074227283
ACC1.P3_H02	0.6026884772888393	0.132822439648803	0.05068861625893113
ACC1.P3_H03	0.07941204096744928	0.9421108805412031	0.029868043889766535
ACC1.P3_H04	1.1496248581258541	0.0	0.0
ACC1.P3_H06	0.6405432057769761	0.337723570504627	0.04186033624547274
ACC1.P3_H07	0.0	0.8717157997517957	0.0
ACC1.P3_H08	1.107045738314491	0.0	0.03204118280623709
ACC1.P3_H09	0.043376500473219184	0.7992955217649562	0.013418833819447189
ACC1.P3_H10	0.38237959742227945	0.24601465392131514	0.0437423893241041
ACC1.P3_H11	0.7687230511253841	0.057391041754707564	0.039928478698070376
ACC1.P3_H12	0.3229258698286906	0.3657501103756169	0.04872224892827484
